0 0
2.000000 0.000000
5.909272 -0.847108
9.897072 -1.159274
11.896992 -1.141333
15.872157 -1.586378
15.872157 -1.586378
17.850220 -1.881783
21.391039 -3.742591
22.827109 -5.134605
24.261454 -6.528396
24.261454 -6.528396
25.498244 -8.100131
28.736647 -10.448055
28.736647 -10.448055
28.736647 -10.448055
30.613066 -11.140189
32.330242 -12.165522
32.330242 -12.165522
32.330242 -12.165522
32.693650 -14.132228
34.151321 -17.857171
36.260906 -21.255649
37.779967 -22.556592
39.803036 -26.007272
40.374367 -27.923931
42.364748 -31.393568
44.105889 -34.994739
45.538653 -36.390155
48.726723 -38.805981
50.557134 -39.611954
53.664418 -42.130841
55.049625 -43.573478
55.919189 -45.374549
55.919189 -45.374549
55.919189 -45.374549
55.919189 -45.374549
55.708901 -47.363463
55.057679 -51.310096
55.057679 -51.310096
54.571747 -55.280470
54.571747 -55.280470
54.678784 -59.279038
54.950342 -61.260516
54.950342 -61.260516
55.015338 -65.259988
53.920840 -69.107334
51.811060 -72.505691
50.211079 -76.171760
48.071833 -79.551645
48.071833 -79.551645
48.071833 -79.551645
48.071833 -79.551645
44.572382 -81.489129
44.572382 -81.489129
43.514870 -83.186677
42.144232 -84.643163
42.144232 -84.643163
40.310072 -85.440569
40.310072 -85.440569
38.440572 -86.151182
38.440572 -86.151182
36.571179 -86.862075
36.571179 -86.862075
36.571179 -86.862075
34.571270 -86.842943
32.595557 -87.153682
28.639045 -87.741909
26.674463 -87.367189
23.033031 -85.711901
21.352060 -84.628233
18.562766 -81.761207
16.934048 -80.600483
16.934048 -80.600483
15.631282 -79.082985
15.631282 -79.082985
12.521870 -76.566727
9.066479 -74.551716
7.514735 -73.289935
6.388624 -71.637096
6.388624 -71.637096
5.770314 -69.735073
5.770314 -69.735073
4.795098 -67.988948
4.310100 -66.048644
3.938463 -62.065946
4.116627 -58.069916
3.936865 -54.073957
3.936865 -54.073957
3.625281 -52.098377
3.625281 -52.098377
3.821404 -50.108017
3.904885 -46.108888
3.904885 -46.108888
3.161988 -44.251981
0.874845 -40.970369
-0.296371 -39.349180
-1.717529 -35.610154
-2.883080 -31.783734
-2.883080 -31.783734
-2.883080 -31.783734
